Set1: Rectangle - 2
0 0
.5 1
1 0
1.1 1

Set2: Pentagon: - 5
.15 0
.85 0
0 .75
1 .75
.5 1

Set3: Pentagon with Interior Point - 11
.15 0
.85 0
0 .75
1 .7
.5 1
.51 .5

Set4: Triangle with Interior Points: 135
0 0
500 0
250 501
151 100
351 100
251 352
226 156
273 152

Set5: Complex Point Set - 824
.15 0.1
.85 0
0 .75
1 .75
.5 1
.51 .5
.52 .25
1.1 1
.9 .78
.6 .9

Set6: Large Point Set Solvable Quickly: 249434
62 140.0
72 365.0
297 443.0
474 371.0
481 210.0
396 95.0
271 56.0
168 82.0
120 250.0
212 356.0
380 326.0
383 212.0
291 157.0
179 165.0

Set 7: Complex Quad: 8951
19.333344 15.0
517.3334 12.0
69.33334 373.0
492.33334 386.0
264.33334 48.0
145.33334 314.0
436.33334 332.0
213.33334 271.0
261.33334 125.0
336.33334 272.0
267.33334 219.0